name_E,CD20-DS17371,GM12878-DS10671,K562-DS9767,HEPG2-DS7764,IMR90-DS13219,CD20(RO01778)-DS17541,SKNSH-DS8482,Hela-DS10011,A549-DS14289,HUVEC-DS10060,H1_P18-DS18873,CD14-DS18065,MCF7-DS9445
chr1_3231556_3231634,3.87509,0.0,0.0,0.0,33.1462,0.0,0.0,0.0,0.0,0.0,0.0,0.0,0.0
chr1_2505035_2505361,0.0,0.0,0.0,0.0,0.0,0.0,0.0,0.0,0.0,0.0,0.0,0.0,0.0
chr1_7461964_7462325,6.86274,0.0,0.0,6.11901,431.969,0.0,0.0,246.741,244.245,65.8208,9.94537,0.0,115.708
chr1_1063914_1064111,0.0,0.0,0.0,14.5902,0.0,0.0,0.0,0.0,0.0,0.0,0.0,0.0,0.0
chr1_6354110_6354322,0.0,0.0,0.0,0.0,0.0,0.0,0.0,0.0,0.0,0.0,0.0,0.0,0.0
chr1_2140151_2140337,8.79986,0.0,0.0,49.0342,0.0,0.0,0.0,30.9139,29.2948,0.0,0.0,0.0,27.788
chr1_6362597_6362955,0.0,0.0,0.0,0.0,0.0,0.0,0.0,0.0,0.0,0.0,0.0,0.0,4.81455
chr1_4729528_4729775,0.0,0.0,0.0,0.0,0.0,0.0,0.0,0.0,0.0,0.0,0.0,0.0,0.0
chr1_2406489_2406881,0.0,0.0,0.0,0.0,0.0,0.0,131.33,18.0949,0.0,0.0,0.0,0.0,7.77962
chr1_956563_956812,17.0041,0.0,39.9378,0.0,34.4145,0.0,8.5333,20.8963,9.2151,0.0,7.27508,0.0,11.5312
chr1_7359415_7359679,18.8273,0.0,0.0,0.0,348.683,0.0,0.0,83.8372,152.654,62.1275,8.98342,0.0,0.0
chr1_7313313_7313451,0.0,0.0,0.0,0.0,55.1296,0.0,0.0,0.0,0.0,0.0,0.0,0.0,0.0
chr1_1136667_1137146,0.0,10.6594,23.0062,9.12658,30.6097,93.2566,0.0,0.0,0.0,0.0,5.55834,23.6832,0.0
chr1_858256_858648,0.0,0.0,0.0,0.0,0.0,14.6096,0.0,6.90581,7.20713,0.0,0.0,0.0,0.0
chr1_2162325_2162996,8.71514,20.9711,14.1782,0.0,51.1127,7.97969,35.4232,18.0949,0.0,30.1166,0.0,14.0126,0.0
chr1_3620035_3620325,0.0,0.0,0.0,0.0,0.0,0.0,9.60782,0.0,0.0,0.0,0.0,0.0,10.2807
chr1_3581269_3581645,0.0,15.293,0.0,0.0,0.0,0.0,0.0,0.0,0.0,0.0,0.0,0.0,0.0
chr1_3111769_3111989,0.0,0.0,0.0,0.0,0.0,0.0,0.0,0.0,0.0,0.0,0.0,0.0,0.0
chr1_3267475_3267612,0.0,0.0,0.0,4.99192,0.0,0.0,0.0,0.0,0.0,0.0,6.49379,0.0,0.0
chr1_2254081_2254230,19.915,0.0,0.0,0.0,0.0,0.0,0.0,0.0,0.0,31.9423,15.845,0.0,0.0
chr1_6336471_6336830,23.9331,0.0,16.7005,0.0,105.438,0.0,0.0,0.0,0.0,0.0,5.05205,0.0,0.0
chr1_3594206_3594277,0.0,91.0584,0.0,0.0,0.0,14.1958,0.0,0.0,0.0,0.0,0.0,46.0844,0.0
chr1_2232428_2232896,9.58196,74.8238,0.0,0.0,23.0,166.71,0.0,0.0,0.0,10.9439,0.0,324.441,0.0
chr1_3237165_3237518,60.4066,0.0,0.0,130.803,11.1628,0.0,0.0,0.0,0.0,0.0,0.0,0.0,0.0
chr1_2177615_2177829,0.0,0.0,0.0,6.34413,48.159,39.9212,0.0,0.0,0.0,9.63148,0.0,193.485,0.0
chr1_7531062_7531540,7.40658,19.6354,0.0,0.0,300.993,0.0,41.6795,140.829,100.912,46.3787,0.0,0.0,15.908
chr1_2230678_2230895,4.14352,0.0,0.0,0.0,0.0,0.0,47.0029,0.0,0.0,0.0,0.0,80.5339,0.0
chr1_3233109_3233475,9.25619,0.0,0.0,0.0,0.0,0.0,0.0,0.0,0.0,0.0,0.0,9.89692,0.0
chr1_2509702_2510198,40.7297,77.1105,7.24203,53.2812,0.0,87.5337,7.02859,0.0,0.0,12.9125,13.7405,250.07,0.0
chr1_2221868_2222548,7.92937,25.8465,25.5284,0.0,232.324,61.418,11.1747,0.0,0.0,55.3349,0.0,329.163,0.0
chr1_6360191_6360625,0.0,0.0,0.0,0.0,0.0,0.0,0.0,0.0,0.0,0.0,0.0,0.0,7.77962
chr1_1814762_1815124,0.0,0.0,89.253,0.0,0.0,0.0,11.331,7.02401,0.0,0.0,5.94954,5.41789,0.0
chr1_2190530_2190674,3.96059,0.0,0.0,0.0,0.0,22.6412,0.0,0.0,0.0,0.0,0.0,0.0,0.0
chr1_1793829_1793862,0.0,0.0,0.0,0.0,0.0,0.0,0.0,0.0,0.0,0.0,0.0,0.0,0.0
chr1_3133891_3134283,5.77505,0.0,0.0,0.0,0.0,0.0,0.0,0.0,0.0,0.0,0.0,0.0,0.0
chr1_1978731_1978937,22.6342,0.0,0.0,28.0931,0.0,13.46,0.0,0.0,0.0,0.0,12.3865,0.0,0.0
chr1_918449_918555,0.0,0.0,0.0,0.0,0.0,0.0,0.0,0.0,0.0,0.0,0.0,0.0,0.0
chr1_7551468_7551846,26.4411,0.0,0.0,0.0,40.2992,0.0,0.0,0.0,0.0,8.31908,3.94969,0.0,0.0
chr1_3463934_3464260,0.0,0.0,0.0,0.0,0.0,0.0,0.0,40.6471,0.0,0.0,9.43086,0.0,34.0407
chr1_4079242_4079460,0.0,0.0,0.0,0.0,0.0,0.0,0.0,0.0,0.0,0.0,0.0,0.0,0.0
chr1_1952050_1952360,0.0,0.0,0.0,0.0,0.0,0.0,0.0,0.0,0.0,0.0,0.0,0.0,0.0
chr1_1005293_1005547,0.0,15.3281,18.5922,0.0,12.4311,97.2098,46.2445,0.0,0.0,0.0,0.0,58.1273,19.6596
chr1_1136075_1136463,0.0,10.6594,8.50316,0.0,0.0,93.2566,0.0,0.0,0.0,0.0,7.34322,0.0,0.0
chr1_3077832_3078221,0.0,0.0,0.0,0.0,0.0,0.0,0.0,0.0,0.0,0.0,0.0,0.0,0.0
chr1_6350184_6350543,0.0,39.6226,0.0,0.0,0.0,0.0,0.0,0.0,0.0,0.0,0.0,0.0,0.0
chr1_2574343_2574764,54.2392,47.5614,58.9484,97.4992,50.9021,113.408,160.189,6.44133,16.5776,34.2889,57.1226,108.462,15.908
chr1_2501788_2502413,0.0,0.0,0.0,0.0,0.0,0.0,0.0,0.0,0.0,0.0,0.0,24.9888,0.0
chr1_7327634_7328033,3.87947,0.0,0.0,0.0,166.136,0.0,0.0,6.44133,5.92806,0.0,0.0,0.0,0.0
chr1_3086923_3087330,25.8973,0.0,0.0,23.152,0.0,0.0,18.0751,0.0,0.0,0.0,6.57852,13.2794,0.0
chr1_1714020_1714715,23.7219,7.198225,12.8662,17.6821,14.5449,16.6694,7.28455,10.5201,7.54179,8.97528,19.8762,78.7549,17.7838
chr1_1060905_1061095,22.4473,0.0,0.0,60.9159,0.0,0.0,0.0,0.0,0.0,0.0,0.0,0.0,0.0
chr1_6230950_6231173,0.0,0.0,0.0,0.0,0.0,0.0,0.0,0.0,0.0,0.0,0.0,0.0,0.0
chr1_2772559_2772713,0.0,0.0,0.0,0.0,0.0,0.0,0.0,0.0,0.0,0.0,0.0,0.0,0.0
chr1_1368471_1368786,48.1949,7.86309,77.7634,210.55,0.0,0.0,6.98917,0.0,0.0,0.0,17.8564,0.0,34.0407
chr1_3374928_3375314,4.68736,0.0,0.0,6.40164,0.0,0.0,0.0,0.0,0.0,0.0,0.0,0.0,0.0
chr1_3634737_3634863,0.0,5.9152,4.71977,30.3704,0.0,0.0,0.0,0.0,0.0,0.0,14.3235,0.0,0.0
chr1_6359789_6360186,0.0,5.89417,0.0,0.0,0.0,0.0,0.0,0.0,0.0,0.0,0.0,0.0,0.0
chr1_6088225_6088518,0.0,114.293,0.0,0.0,4.82146,129.023,0.0,0.0,0.0,0.0,0.0,458.898,0.0
chr1_3459907_3460197,0.0,0.0,0.0,0.0,133.588,0.0,0.0,46.5123,5.86849,6.35048,0.0,0.0,0.0
chr1_3309990_3310261,11.7573,0.0,0.0,0.0,5.66698,0.0,12.6798,0.0,0.0,0.0,12.2968,0.0,0.0
chr1_6054896_6055025,0.0,20.527,0.0,0.0,0.0,9.07637,0.0,0.0,0.0,0.0,0.0,58.427,0.0
chr1_7538871_7539273,33.5111,19.0108,0.0,0.0,406.401,0.0,12.0054,22.1737,21.9322,0.0,0.0,0.0,0.0
chr1_5957166_5957512,0.0,0.0,0.0,0.0,0.0,0.0,0.0,0.0,0.0,0.0,38.1895,0.0,0.0
chr1_5160051_5160190,0.0,0.0,0.0,0.0,0.0,0.0,18.7495,0.0,0.0,0.0,0.0,0.0,90.3143
chr1_941791_942135,82.6666,0.0,0.0,70.3151,0.0,0.0,0.0,25.8789,7.20713,0.0,0.0,0.0,0.0
chr1_1840449_1840835,26.2759,35.377,39.9808,188.334,108.644,70.2987,94.4319,6.81093,11.8924,29.9737,34.1322,280.408,0.0
chr1_5184476_5184496,0.0,0.0,0.0,0.0,0.0,0.0,0.0,0.0,0.0,0.0,0.0,0.0,0.0
chr1_7558449_7558725,0.0,0.0,0.0,0.0,0.0,0.0,0.0,0.0,0.0,0.0,0.0,0.0,0.0
chr1_2246556_2246763,6.3189,29.0044,0.0,29.4055,7.78077,36.6951,55.1999,0.0,0.0,0.0,27.5195,9.55956,0.0
chr1_3136013_3136207,38.4057,0.0,0.0,65.765,0.0,0.0,0.0,0.0,0.0,0.0,4.95752,0.0,5.90383
chr1_2082729_2083012,0.0,0.0,0.0,0.0,0.0,0.0,0.0,0.0,0.0,0.0,0.0,257.984,0.0
chr1_6351007_6351537,0.0,39.6226,0.0,0.0,0.0,0.0,0.0,0.0,0.0,0.0,0.0,0.0,0.0
chr1_2172142_2172385,24.1563,0.0,0.0,0.0,0.0,0.0,0.0,0.0,0.0,0.0,0.0,20.4615,0.0
chr1_6943772_6944262,0.0,0.0,0.0,0.0,0.0,0.0,0.0,0.0,0.0,0.0,0.0,0.0,0.0
chr1_6373523_6373899,0.0,0.0,28.6812,0.0,0.0,0.0,0.0,0.0,0.0,0.0,0.0,0.0,0.0
chr1_1295535_1296332,0.0,0.0,7.24203,24.5513,116.214,0.0,42.7339,5.85865,0.0,0.0,6.37503,0.0,5.27857
chr1_2989176_2989511,7.40658,0.0,0.0,0.0,0.0,0.0,0.0,0.0,0.0,0.0,17.455,0.0,0.0
chr1_3229711_3230157,27.6938,0.0,29.3118,23.9611,338.556,0.0,4.58691,48.3943,31.3027,20.1307,22.6278,48.1187,16.5333
chr1_1014834_1015095,36.2303,25.2812,27.324,32.9096,133.846,19.8608,87.3534,140.214,48.0358,10.2877,37.8518,13.0113,90.3505
chr1_6566323_6566594,0.0,0.0,0.0,0.0,0.0,0.0,0.0,0.0,0.0,0.0,0.0,0.0,0.0
chr1_2253622_2253773,19.915,0.0,0.0,7.04585,45.829,0.0,0.0,0.0,0.0,31.9423,15.845,0.0,0.0
chr1_2231691_2232185,0.0,74.8238,0.0,0.0,9.89456,166.71,0.0,0.0,0.0,0.0,0.0,324.441,0.0
chr1_3420761_3421065,0.0,0.0,0.0,0.0,76.2675,0.0,5.56622,90.0847,21.9322,53.1777,0.0,0.0,0.0
chr1_7289758_7290075,0.0,0.0,0.0,0.0,29.7642,0.0,0.0,0.0,0.0,0.0,0.0,0.0,0.0
chr1_1143531_1144198,4.68736,26.6396,28.7345,0.0,73.731,25.9128,8.4876,16.9296,4.34715,0.0,0.0,6.87261,14.6873
chr1_3290271_3290590,0.0,0.0,0.0,0.0,0.0,0.0,0.0,0.0,0.0,0.0,0.0,0.0,0.0
chr1_3817648_3818071,122.694,115.319,148.934,250.743,293.199,244.333,261.592,79.8591,99.95115,107.277,164.157,433.811,105.946
chr1_2059932_2059994,0.0,0.0,0.0,0.0,0.0,0.0,0.0,0.0,0.0,0.0,0.0,0.0,0.0
chr1_6661008_6661639,43.706,27.9797,131.598,37.7309,186.581,76.9537,0.0,105.657,34.6493,37.1817,27.273,285.941,12.1565
chr1_1772108_1772256,0.0,0.0,0.0,0.0,0.0,0.0,0.0,0.0,0.0,0.0,0.0,0.0,0.0
chr1_6053603_6054107,0.0,174.723,45.7065,0.0,0.0,260.716,391.352,0.0,0.0,0.0,191.398,546.935,0.0
chr1_3232812_3232866,0.0,0.0,0.0,0.0,0.0,0.0,0.0,0.0,0.0,0.0,0.0,0.0,0.0
chr1_3421438_3421558,0.0,0.0,0.0,0.0,0.0,0.0,0.0,0.0,0.0,53.1777,0.0,0.0,0.0
chr1_6221566_6221669,0.0,0.0,0.0,4.76827,0.0,0.0,18.0751,0.0,0.0,11.6001,28.2791,0.0,0.0
chr1_2171824_2171946,24.1563,0.0,0.0,9.32103,4.82146,0.0,23.166,0.0,0.0,0.0,0.0,20.4615,9.65541
chr1_1093610_1093958,54.7014,78.574,4.71977,44.0409,0.0,21.252,0.0,0.0,0.0,4.38188,31.4008,105.697,0.0
chr1_1173386_1173736,12.845,0.0,0.0,50.5293,3.97595,8.21952,0.0,0.0,0.0,0.0,0.0,0.0,0.0
chr1_6321567_6321961,5.4688,0.0,19.2228,4.6911,0.0,0.0,77.1982,0.0,0.0,0.0,11.233,4.31944,0.0
chr1_6341896_6342142,53.8777,0.0,0.0,13.5797,0.0,0.0,0.0,0.0,0.0,0.0,0.0,0.0,0.0
chr1_2478276_2478817,34.4952,67.4316,113.786,120.963,17.5042,89.5375,118.251,77.3657,27.9561,14.88109,66.3462,311.059,39.0428