name_P,CD20-DS17371,GM12878-DS10671,K562-DS9767,HEPG2-DS7764,IMR90-DS13219,CD20(RO01778)-DS17541,SKNSH-DS8482,Hela-DS10011,A549-DS14289,HUVEC-DS10060,H1_P18-DS18873,CD14-DS18065,MCF7-DS9445
chr1_1102243_1103343,5.83862,0.0,0.0,12.99616,0.0,0.0,0.0,0.0,0.0,0.0,0.0,0.0,0.0
chr1_3540566_3541666,75.7316,89.5081,116.184,293.504,90.6413,156.777,363.09,28.5832,18.5856,59.5201,43.046695,373.669,21.5354
chr1_568756_569856,174.989,649.432,1223.22,35.68005,638.481,279.189,36.4311,988.76,1362.22,458.451,408.539,249.322,858.356
chr1_1265694_1266794,0.0,0.0,0.0,4.92091,0.0,0.0,0.0,32.8567,0.0,0.0,0.0,0.0,0.0
chr1_745441_746541,0.0,0.0,0.0,0.0,0.0,0.0,0.0,0.0,0.0,8.98885,0.0,0.0,0.0
chr1_2315811_2316911,0.0,0.0,0.0,5.65813,0.0,0.0,8.33586,0.0,0.0,0.0,0.0,0.0,0.0
chr1_700205_701305,0.0,0.0,0.0,0.0,0.0,0.0,0.0,0.0,0.0,0.0,0.0,0.0,0.0
chr1_1566474_1567574,5.77505,0.0,0.0,10.464525,0.0,72.94617,0.0,0.0,0.0,0.0,9.31472,3.88473,0.0
chr1_2345136_2346236,71.9959,79.7573,16.2686,306.988,4.3987,136.274,156.85535,6.44133,5.53383,9.80372,26.2912,27.9252,0.0
chr1_1297057_1298157,8.70968,0.0,0.0,13.2074,67.895,0.0,0.0,0.0,0.0,0.0,16.526,0.0,0.0
chr1_859260_860360,10.586465,0.0,12.54106,54.396505,27.2276,10.91146,39.0763,7.182925,11.6865,4.38188,10.906675,12.425,0.0
chr1_1822395_1823495,39.2654,35.3356,36.8256,183.622,69.0807,115.03,222.901,7.89803,13.9004,38.5043,35.1277,189.426,0.0
chr1_2283196_2284296,0.0,0.0,0.0,0.0,0.0,0.0,0.0,0.0,0.0,0.0,0.0,0.0,0.0
chr1_866345_867445,0.0,0.0,0.0,0.0,0.0,0.0,0.0,4.84495,0.0,0.0,0.0,0.0,0.0
chr1_817043_818143,0.0,0.0,0.0,0.0,0.0,0.0,0.0,0.0,0.0,0.0,0.0,0.0,0.0
chr1_751751_752851,4.27677,0.0,11.9294,0.0,173.576,0.0,0.0,0.0,0.0,0.0,0.0,144.875,0.0
chr1_621953_623053,0.0,0.0,0.0,0.0,0.0,0.0,0.0,0.0,0.0,0.0,0.0,0.0,0.0
chr1_3527959_3529059,13.9327,7.76797,5.35033,107.786,0.0,10.1946,76.1054,0.0,0.0,15.53729,42.6311,4.05521,0.0
chr1_695291_696391,0.0,0.0,0.0,0.0,0.0,0.0,0.0,0.0,0.0,0.0,0.0,0.0,0.0
chr1_1630369_1631469,0.0,0.0,0.0,0.0,0.0,0.0,0.0,0.0,0.0,0.0,0.0,0.0,0.0
chr1_1114835_1115935,0.0,0.0,0.0,0.0,0.0,0.0,0.0,0.0,0.0,0.0,5.48694,0.0,0.0
chr1_1103385_1104485,5.23121,0.0,0.0,21.0054,0.0,0.0,0.0,0.0,0.0,0.0,0.0,0.0,0.0
chr1_139279_140379,0.0,0.0,0.0,0.0,0.0,0.0,0.0,0.0,0.0,0.0,0.0,0.0,0.0
chr1_1935176_1936276,5.23121,0.0,12.9171,58.0227,3.97595,0.0,9.30778,0.0,0.0,0.0,27.654,0.0,0.0
chr1_713150_714250,77.2622,90.8203,141.384,88.5266,191.945,95.490485,139.273,82.4605,77.7108,74.5702,109.056,389.082,81.1574
chr1_1259136_1260236,45.8683,55.3336,45.6555,129.161,63.5848,104.3,106.44,16.5612,10.5537,23.4014,36.6075,218.63,0.0
chr1_1821910_1823010,39.2654,35.3356,36.8256,183.622,69.0807,115.03,222.901,9.93741,13.9004,38.5043,35.1277,184.098,0.0
chr1_1677331_1678431,49.3471,17.5403,13.37766,164.38,46.8683,39.1627,25.5608,0.0,16.1203,26.5641,37.2803,233.871,0.0
chr1_713906_715006,77.2622,90.8203,73.02383,46.70742,191.945,184.588,139.273,82.4605,77.7108,74.5702,109.056,389.082,81.1574
chr1_1342593_1343693,62.4893,85.85,89.2742,82.8096,36.5283,104.611,141.542,20.58472,20.5936,31.2861,39.12,285.373,32.7901
chr1_1009587_1010687,24.2657,0.0,0.0,0.0,0.0,0.0,0.0,29.8804,0.0,4.38147,6.88259,4.31154,159.813
chr1_1182002_1183102,0.0,0.0,0.0,0.0,0.0,5.869535,5.47597,0.0,0.0,0.0,8.39046,0.0,0.0
chr1_1602429_1603529,0.0,0.0,0.0,0.0,0.0,0.0,0.0,0.0,0.0,0.0,0.0,0.0,0.0
chr1_948473_949573,30.7147,38.4528,64.7956,14.5565,50.6638,49.0291,0.0,28.9947,5.19917,33.4888,25.0726,103.148,28.4133
chr1_522009_523109,0.0,0.0,0.0,0.0,0.0,0.0,0.0,0.0,0.0,0.0,0.0,0.0,0.0
chr1_856296_857396,21.4114,5.73542,31.4081,48.0551,26.3821,10.2385,37.9376,6.529335,0.0,10.9439,33.9544,13.8643,9.65541
chr1_2142962_2144062,47.2387,26.4106,43.5039,8.50149,140.175,10.7133,18.6661,66.8764,78.1214,50.6193,58.6008,76.7108,0.0
chr1_325096_326196,0.0,0.0,0.0,0.0,0.0,0.0,0.0,0.0,0.0,0.0,0.0,0.0,0.0
chr1_1499804_1500904,0.0,0.0,0.0,0.0,0.0,0.0,0.0,0.0,0.0,0.0,0.0,0.0,0.0
chr1_29706_30806,0.0,0.0,0.0,0.0,0.0,0.0,0.0,0.0,0.0,0.0,0.0,0.0,0.0
chr1_2284159_2285259,0.0,0.0,0.0,0.0,0.0,0.0,0.0,0.0,0.0,0.0,0.0,0.0,0.0
chr1_2322267_2323367,114.335,125.654,167.259,290.924,258.744,221.157,386.748,41.59845,80.8325,128.92,127.275,593.654,63.428
chr1_1242947_1244047,45.7891,30.2172,59.1869,243.134,126.362,105.347,107.357,35.8202,28.6254,19.4745,30.6465,238.235,0.0
chr1_460380_461480,0.0,0.0,0.0,0.0,0.0,0.0,0.0,0.0,0.0,0.0,0.0,0.0,0.0
chr1_3402810_3403910,0.0,0.0,0.0,0.0,0.0,0.0,0.0,0.0,0.0,0.0,0.0,0.0,0.0
chr1_2356419_2357519,0.0,0.0,0.0,0.0,0.0,0.0,0.0,0.0,0.0,0.0,0.0,0.0,0.0
chr1_1360508_1361608,0.0,0.0,0.0,9.02483,0.0,0.0,0.0,0.0,0.0,0.0,17.0333,0.0,0.0
chr1_1669027_1670127,0.0,0.0,0.0,0.0,0.0,5.71817,0.0,0.0,0.0,0.0,0.0,0.0,0.0
chr1_10869_11969,0.0,0.0,0.0,0.0,0.0,0.0,0.0,0.0,0.0,0.0,0.0,0.0,0.0
chr1_140239_141339,0.0,0.0,0.0,0.0,0.0,0.0,0.0,0.0,0.0,0.0,0.0,0.0,0.0
chr1_839214_840314,23.1781,37.3894,21.9468,35.6329,31.0324,29.4071,41.42847,0.0,0.0,6.35048,27.0515,77.49,0.0
chr1_2257581_2258681,0.0,0.0,0.0,0.0,0.0,0.0,34.7574,0.0,0.0,0.0,0.0,0.0,0.0
chr1_1589786_1590886,66.7674,75.3071,162.61,155.729,216.715,182.538,141.64,92.6042,65.3556,91.8561,81.2279,291.072,43.7007
chr1_135795_136895,0.0,0.0,18.1502,0.0,0.0,0.0,0.0,0.0,0.0,0.0,0.0,0.0,0.0
chr1_2476904_2478004,34.4952,67.4316,113.786,120.963,29.3414,89.5375,128.4375,77.3657,33.98,24.7241,66.3462,311.059,33.4154
chr1_998568_999668,9.03812,83.8475,59.2842,52.066,149.5,47.0673,15.9133,22.7564,19.2549,19.4745,14.5009,223.176,7.15436
chr1_2424597_2425697,0.0,0.0,0.0,0.0,15.3904,7.6867,0.0,66.7574,0.0,0.0,0.0,0.0,0.0
chr1_532778_533878,0.0,0.0,0.0,0.0,0.0,0.0,0.0,0.0,0.0,0.0,0.0,0.0,0.0
chr1_1284630_1285730,9.35777,38.437,5.1342,86.3039,22.1545,41.8222,27.6953,0.0,0.0,5.03808,15.2906,29.2949,0.0
chr1_1510149_1511249,49.2826,74.7693,54.686,119.366,108.397,96.9849,160.303,15.7642,29.9641,27.3489,52.3777,245.644,7.224
chr1_568076_569176,0.0,11.2081,53.096,13.5739,4.7647,0.0,12.5645,0.0,19.006,0.0,0.0,0.0,921.359
chr1_935452_936552,27.5485,23.2592,66.4579,174.164,94.8135,51.5622,51.1009,25.7929,34.90355,41.052,24.4688,128.78,19.97224
chr1_1654951_1656051,92.5718,60.31217,151.2,156.088,141.551,155.327,211.019,113.965,105.933,103.444,102.7,342.102,99.6093
chr1_1310775_1311875,148.016,156.528,136.03435,120.861425,400.208,108.33145,345.8,156.414,182.224,154.692,85.190975,317.436465,170.711
chr1_1446531_1447631,100.404,88.9713,136.047,155.163,222.877,136.149,244.978,35.8667,31.97205,46.26744,125.503,351.378,25.5078
chr1_564290_565390,0.0,0.0,17.24975,36.14925,0.0,0.0,11.389715,20.5742,35.20555,10.3177,5.66867,0.0,18.5807
chr1_2488370_2489470,42.6437,57.1663,5.61252,13.5877,0.0,0.0,0.0,0.0,0.0,0.0,0.0,323.55,0.0
chr1_2978859_2979959,0.0,0.0,0.0,0.0,0.0,0.0,0.0,0.0,0.0,0.0,12.8312,0.0,0.0
chr1_567137_568237,0.0,228.3777,39.82335,37.2629,7.41632333333,6.044335,44.7389,443.196,534.351866667,14.727455,208.888465,260.974,468.66155
chr1_2461584_2462684,0.0,4.45965,0.0,14.0615,0.0,10.2885,13.7332,11.6855,0.0,0.0,11.6394,0.0,6.52909
chr1_157787_158887,0.0,0.0,0.0,0.0,0.0,0.0,0.0,0.0,0.0,0.0,0.0,0.0,0.0
chr1_2563007_2564107,33.3701,0.0,0.0,14.2634,0.0,0.0,0.0,0.0,0.0,0.0,6.63742,0.0,0.0
chr1_51473_52573,0.0,0.0,0.0,0.0,0.0,0.0,0.0,0.0,0.0,0.0,0.0,0.0,0.0
chr1_1149418_1150518,0.0,0.0,0.0,0.0,0.0,4.8711,0.0,0.0,0.0,0.0,4.84865,0.0,0.0
chr1_3630762_3631862,0.0,0.0,0.0,0.0,0.0,0.0,8.0738,0.0,0.0,0.0,0.0,0.0,0.0
chr1_2984901_2986001,11.7573,0.0,0.0,4.76827,3.99461,0.0,0.0,0.0,9.2151,0.0,23.8253,0.0,6.52909
chr1_1354625_1355725,0.0,0.0,0.0,10.3994,0.0,0.0,5.22691,0.0,0.0,0.0,6.51115,0.0,0.0
chr1_3477254_3478354,0.0,0.0,0.0,0.0,0.0,0.0,0.0,0.0,0.0,0.0,0.0,0.0,0.0
chr1_2511999_2513099,0.0,4.71529,0.0,0.0,0.0,8.38045,0.0,0.0,0.0,13.6797,0.0,41.6497,0.0
chr1_2496849_2497949,4.28423,0.0,0.0,0.0,0.0,0.0,0.0,0.0,0.0,0.0,0.0,0.0,0.0
chr1_1369241_1370341,26.984975,13.4896,4.88184,129.4247,4.3987,23.8319,7.70418,0.0,0.0,4.38188,21.8815,0.0,0.0
chr1_523733_524833,0.0,0.0,0.0,0.0,0.0,0.0,0.0,0.0,0.0,0.0,0.0,0.0,0.0
chr1_1166629_1167729,75.9309,72.3159,122.643,321.08,163.701,142.359,307.438,36.7407,14.904335,74.9682,88.4638,343.923,7.77962
chr1_28554_29654,0.0,0.0,0.0,0.0,0.0,0.0,0.0,0.0,0.0,0.0,0.0,0.0,0.0
chr1_35981_37081,0.0,0.0,0.0,0.0,0.0,0.0,0.0,0.0,0.0,0.0,0.0,0.0,0.0
chr1_1343476_1344576,0.0,0.0,0.0,0.0,11.1628,104.611,0.0,0.0,0.0,0.0,0.0,285.373,0.0
chr1_2144059_2145159,47.2387,26.4106,43.5039,8.50149,140.175,10.7133,18.6661,66.8764,78.1214,50.6193,58.6008,76.7108,0.0
chr1_68091_69191,0.0,0.0,0.0,0.0,0.0,0.0,0.0,0.0,0.0,0.0,0.0,0.0,0.0
chr1_663427_664527,0.0,0.0,0.0,0.0,0.0,0.0,0.0,0.0,0.0,0.0,0.0,0.0,0.0
chr1_943509_944609,0.0,0.0,0.0,0.0,0.0,0.0,0.0,0.0,0.0,0.0,0.0,14.7678,0.0
chr1_752992_754092,0.0,0.0,0.0,0.0,43.8412,0.0,0.0,0.0,0.0,0.0,0.0,0.0,0.0
chr1_379367_380467,0.0,0.0,0.0,0.0,0.0,0.0,0.0,0.0,0.0,0.0,0.0,0.0,0.0
chr1_450810_451910,0.0,0.0,0.0,0.0,0.0,0.0,0.0,0.0,0.0,0.0,0.0,0.0,0.0
chr1_1624067_1625167,21.145,26.0157,9.471075,0.0,94.0107,162.347,35.3145,16.9841,22.0016,20.2198,17.8777,288.947,10.3439
chr1_333126_334226,0.0,0.0,0.0,0.0,0.0,0.0,0.0,0.0,0.0,0.0,0.0,0.0,0.0
chr1_1209603_1210703,22.6342,51.4055,0.0,134.715,0.0,77.0471,64.8292,0.0,0.0,0.0,32.2431,149.494,0.0
chr1_989413_990513,0.0,0.0,0.0,0.0,0.0,0.0,0.0,0.0,0.0,0.0,0.0,0.0,0.0
chr1_1475733_1476833,0.0,0.0,0.0,6.43757,29.3414,5.69611,63.937,0.0,0.0,14.2249,37.6194,0.0,0.0
chr1_1845266_1846366,9.89647,0.0,0.0,0.0,0.0,0.0,0.0,0.0,0.0,0.0,0.0,0.0,0.0
chr1_567915_569015,0.0,11.2081,53.096,13.5739,4.7647,0.0,12.5645,0.0,19.006,0.0,0.0,0.0,921.359
chr1_1535376_1536476,0.0,0.0,0.0,15.8007,0.0,4.15057,4.60435,0.0,0.0,0.0,9.91456,0.0,0.0
chr1_3369990_3371090,26.44115,14.6386,16.3852,229.915,6.51249,47.8742,33.7985,14.30755,0.0,0.0,43.79745,11.249885,14.657515
chr1_1167311_1168411,75.9309,72.3159,122.643,321.08,163.701,142.359,307.438,36.7407,24.6095,74.9682,88.4638,343.923,7.77962
chr1_1186614_1187714,0.0,27.1777,0.0,0.0,0.0,10.3563,0.0,0.0,0.0,0.0,0.0,0.0,0.0
chr1_1244889_1245989,45.7891,30.2172,7.95741,0.0,0.0,105.347,0.0,0.0,0.0,0.0,6.945905,0.0,9.03015
chr1_954503_955603,28.5361,19.604,17.3056,302.566,35.4109,21.890825,64.8117,11.1028,17.9163,11.0709,23.607,68.2106,0.0
chr1_2076618_2077718,0.0,0.0,0.0,0.0,0.0,0.0,0.0,0.0,0.0,0.0,0.0,20.8096,0.0
chr1_3585236_3586336,24.8096,0.0,13.5477,54.1332,0.0,0.0,15.188,9.93741,0.0,0.0,24.3534,82.5386,49.047
chr1_1711796_1712896,7.287945,60.2301,38.6806,0.0,6.08974,185.236,22.796,8.77205,0.0,0.0,42.6471,229.444,5.27857
chr1_947803_948903,30.7147,38.4528,64.7956,14.5565,50.6638,49.0291,0.0,28.9947,5.19917,33.4888,25.0726,103.148,28.4133
chr1_1253969_1255069,0.0,0.0,34.9577,0.0,154.032,0.0,0.0,72.273,0.0,0.0,0.0,0.0,65.9291
chr1_2564381_2565481,28.0727,0.0,0.0,4.6911,0.0,0.0,4.58691,0.0,0.0,0.0,9.02782,0.0,0.0
chr1_917397_918497,0.0,0.0,0.0,0.0,0.0,0.0,0.0,0.0,0.0,0.0,0.0,0.0,0.0
chr1_1333902_1335002,94.3998,80.6079,153.647,324.002,204.998,195.116,366.03,64.4107,54.729,83.7971,91.2459,463.376,35.9165
chr1_656472_657572,0.0,0.0,0.0,0.0,0.0,0.0,0.0,0.0,0.0,0.0,0.0,0.0,0.0
chr1_739037_740137,0.0,0.0,0.0,0.0,0.0,0.0,0.0,0.0,0.0,0.0,0.0,0.0,0.0
chr1_1141971_1143071,0.0,13.9503,0.0,4.70001,0.0,18.7642,0.0,0.0,0.0,0.0,14.4152,0.0,0.0
chr1_1981409_1982509,37.8618,12.1402,0.0,335.248,0.0,121.058,142.13,15.7642,14.5697,0.0,83.9068,6.113685,0.0
chr1_2486078_2487178,42.6437,57.1663,0.0,8.455505,0.0,32.9309,7.40149,4.69328,0.0,5.03808,9.06409,323.55,0.0
chr1_1655666_1656766,92.5718,114.169,151.2,156.088,141.551,155.327,211.019,113.965,105.933,103.444,102.7,342.102,99.6093
chr1_2323046_2324146,70.11615,125.654,167.259,290.924,258.744,221.157,386.748,76.9457,80.8325,128.92,127.275,593.654,63.428
chr1_1051641_1052741,79.1477,107.139,159.09,301.694,199.155,187.502,422.477,72.2843,44.6892,86.5667,130.281,350.294,37.7922
chr1_1949780_1950880,0.0,0.0,0.0,25.2033,0.0,0.0,24.8192,0.0,0.0,0.0,10.0238,0.0,0.0
chr1_900877_901977,0.0,25.8778,25.8828,17.4389,10.7401,8.96969,0.0,15.7642,0.0,0.0,13.3066,48.0985,7.77962
chr1_1259971_1261071,25.549755,55.3336,45.6555,129.161,63.5848,104.3,106.44,16.5612,10.5537,13.98104,36.6075,218.63,0.0
chr1_807672_808772,0.0,0.0,0.0,0.0,0.0,0.0,0.0,0.0,0.0,0.0,9.06147,0.0,0.0
chr1_761988_763088,17.711255,48.9514,75.9857,112.844,24.736645,51.74485,100.594,31.3256,8.30074,24.0428,28.5493,251.504,8.85252
chr1_1946869_1947969,0.0,0.0,0.0,0.0,0.0,0.0,0.0,0.0,0.0,0.0,0.0,0.0,0.0
chr1_1313046_1314146,0.0,0.0,0.0,0.0,0.0,0.0,0.0,0.0,0.0,0.0,0.0,0.0,0.0
chr1_133466_134566,0.0,0.0,0.0,0.0,0.0,0.0,0.0,0.0,0.0,0.0,0.0,0.0,0.0
chr1_762802_763902,30.8915,48.9514,75.9857,112.844,42.8988,93.3366,100.594,31.3256,8.30074,24.0428,28.5493,251.504,8.85252
chr1_1549795_1550895,69.3724,83.9453,136.862,95.98884,114.05245,162.234,223.415,51.3078,43.3505,40.4729,77.4684,389.698,21.949515
chr1_933331_934431,8.28365,0.0,9.37209,30.9706,10.3903,51.5622,8.222935,4.57837,7.87645,5.164265,14.48,15.546,0.0
chr1_1590373_1591473,66.7674,40.898685,162.61,155.729,216.715,182.538,141.64,92.6042,65.3556,91.8561,81.2279,291.072,43.7007
chr1_1357049_1358149,0.0,13.7162,0.0,0.0,14.5449,0.0,4.5517,0.0,0.0,0.0,28.7752,0.0,0.0
chr1_1103737_1104837,5.23121,0.0,0.0,21.0054,0.0,0.0,0.0,0.0,0.0,0.0,0.0,0.0,0.0
chr1_366640_367740,0.0,0.0,0.0,0.0,0.0,0.0,0.0,0.0,0.0,0.0,0.0,0.0,0.0
chr1_3569225_3570325,0.0,21.0444,26.159,22.4683,0.0,85.7983,63.569,0.0,0.0,0.0,27.7302,0.0,0.0
chr1_2731463_2732563,0.0,0.0,0.0,0.0,0.0,0.0,0.0,0.0,0.0,0.0,0.0,0.0,0.0
chr1_565454_566554,0.0,14.750165,24.9532,47.1929,8.15479,0.0,15.488515,417.77825,33.1742,10.3177,4.88987,0.0,17.2724
chr1_2516930_2518030,83.9542,97.5711,108.3967,144.5109,130.85899,162.806,361.907,34.701355,54.0597,88.365,87.536,515.462,52.1733
chr1_332136_333236,0.0,0.0,0.0,0.0,0.0,0.0,0.0,0.0,0.0,0.0,0.0,0.0,0.0
chr1_1603714_1604814,0.0,0.0,0.0,0.0,0.0,0.0,0.0,0.0,0.0,0.0,0.0,0.0,0.0
chr1_159446_160546,0.0,0.0,0.0,0.0,0.0,0.0,0.0,0.0,0.0,0.0,0.0,0.0,0.0
chr1_563442_564542,0.0,0.0,11.1438,25.1056,0.0,0.0,13.5631,13.6819,37.2369,0.0,0.0,0.0,0.0
chr1_2309699_2310799,6.86274,0.0,0.0,0.0,0.0,4.92367,0.0,0.0,0.0,0.0,0.0,0.0,0.0
chr1_845815_846915,12.845,0.0,19.4811,0.0,11.1628,0.0,0.0,11.6855,9.88442,0.0,0.0,0.0,0.0
chr1_685296_686396,0.0,0.0,0.0,0.0,0.0,0.0,0.0,0.0,0.0,0.0,0.0,0.0,0.0
chr1_1071397_1072497,33.4681,0.0,0.0,0.0,0.0,68.1879,0.0,0.0,0.0,0.0,9.02691,0.0,27.1628
chr1_994114_995214,9.58196,24.4852,48.46015,77.93435,10.7401,38.7277,25.8451,10.5201,0.0,8.97528,20.379,58.0644,0.0
chr1_2115728_2116828,0.0,0.0,0.0,0.0,0.0,0.0,0.0,0.0,0.0,0.0,0.0,0.0,0.0
chr1_469971_471071,0.0,0.0,0.0,0.0,0.0,0.0,0.0,0.0,0.0,0.0,0.0,0.0,0.0
chr1_693616_694716,0.0,0.0,0.0,0.0,0.0,0.0,0.0,0.0,0.0,0.0,0.0,0.0,0.0
chr1_2145520_2146620,13.1725,0.0,0.0,0.0,52.4664,0.0,8.93777,0.0,0.0,0.0,0.0,0.0,0.0
chr1_1406143_1407243,66.1417,64.7238,95.4934,120.657,98.2509,84.9597,186.314,47.8117,0.0,39.8167,59.9672,144.463,15.01368
chr1_2937046_2938146,0.0,0.0,0.0,0.0,0.0,0.0,0.0,0.0,0.0,0.0,10.1859,0.0,0.0
chr1_267153_268253,0.0,0.0,0.0,0.0,0.0,0.0,0.0,0.0,0.0,0.0,0.0,0.0,0.0
chr1_458656_459756,0.0,0.0,0.0,0.0,0.0,0.0,0.0,0.0,0.0,0.0,0.0,0.0,0.0
chr1_1369853_1370953,10.941575,16.81255,7.24203,72.3707,13.6994,23.8319,28.28524,0.0,0.0,5.26159,16.4195,4.14674,0.0
chr1_3050173_3051273,8.49427,0.0,0.0,0.0,0.0,0.0,0.0,0.0,0.0,0.0,0.0,0.0,11.5312
chr1_2159134_2160234,55.1316,48.3678,42.8467,104.80248,153.334,76.52215,188.784,9.93741,25.2788,36.2527,53.9153,184.81425,5.79827
chr1_2457939_2459039,38.0956,40.8986,41.6026,132.499,109.799,71.5055,114.573,19.4905,28.6254,26.0365,43.5055,161.755,13.407
chr1_1101484_1102584,5.83862,0.0,0.0,10.50176,0.0,0.0,0.0,0.0,0.0,0.0,0.0,0.0,0.0
chr1_2729157_2730257,0.0,0.0,0.0,0.0,0.0,0.0,0.0,0.0,0.0,0.0,0.0,0.0,0.0
chr1_137865_138965,0.0,0.0,0.0,0.0,0.0,0.0,0.0,0.0,0.0,0.0,0.0,0.0,0.0
chr1_2143913_2145013,47.2387,26.4106,43.5039,8.50149,140.175,10.7133,18.6661,66.8764,78.1214,50.6193,58.6008,76.7108,0.0
chr1_3541207_3542307,49.72675,89.5081,103.6135,293.504,50.26793,156.777,363.09,19.575,18.5856,34.9039,44.7963,373.669,15.90805
chr1_659830_660930,0.0,0.0,0.0,0.0,0.0,0.0,0.0,0.0,0.0,0.0,0.0,0.0,0.0
chr1_130025_131125,0.0,0.0,0.0,0.0,0.0,0.0,0.0,0.0,0.0,0.0,0.0,0.0,0.0
chr1_3568084_3569184,0.0,21.0444,30.5729,15.972785,0.0,85.7983,63.569,0.0,0.0,0.0,27.7302,9.89692,0.0
chr1_1384069_1385169,10.7621,0.0,4.71977,0.0,0.0,0.0,0.0,0.0,0.0,0.0,0.0,0.0,0.0
chr1_1108264_1109364,6.86274,12.1402,0.0,16.9447,0.0,29.4457,0.0,0.0,0.0,0.0,52.0233,0.0,0.0
chr1_2425818_2426918,18.2835,0.0,0.0,0.0,15.3904,4.36711,0.0,66.7574,13.231,0.0,0.0,0.0,41.5438
chr1_564020_565120,0.0,0.0,11.1438,25.1056,0.0,0.0,13.5631,13.6819,37.2369,0.0,5.66867,0.0,0.0
chr1_1341032_1342132,0.0,45.02318,0.0,82.8096,0.0,4.88521,0.0,0.0,0.0,0.0,4.92408,0.0,0.0
chr1_2294967_2296067,0.0,0.0,0.0,0.0,0.0,0.0,0.0,0.0,0.0,0.0,0.0,0.0,0.0
chr1_1214816_1215916,0.0,0.0,0.0,0.0,0.0,0.0,0.0,0.0,0.0,0.0,0.0,0.0,0.0
chr1_1334608_1335708,94.3998,80.6079,153.647,324.002,204.998,195.116,366.03,64.4107,54.729,83.7971,91.2459,463.376,20.910165
chr1_2984732_2985832,11.7573,0.0,0.0,4.76827,3.99461,0.0,0.0,0.0,9.2151,0.0,23.8253,0.0,6.52909
chr1_894967_896067,7.95043,10.4625,17.9172,92.62975,11.5856,58.0042,45.97795,0.0,0.0,0.0,24.5367,92.27715,0.0
chr1_316720_317820,0.0,0.0,0.0,0.0,0.0,0.0,0.0,0.0,0.0,0.0,0.0,0.0,0.0
chr1_1980909_1982009,37.8618,8.5151,0.0,335.248,0.0,121.058,142.13,11.685445,13.23105,0.0,83.9068,6.113685,8.40488
chr1_91005_92105,0.0,0.0,0.0,0.0,0.0,7.84416,0.0,0.0,0.0,0.0,0.0,0.0,0.0
chr1_1209165_1210265,22.6342,51.4055,32.4646,134.715,74.2971,77.0471,64.8292,6.44133,18.5856,12.2563,32.2431,149.494,0.0
chr1_173762_174862,0.0,0.0,0.0,0.0,0.0,0.0,0.0,0.0,0.0,0.0,0.0,0.0,0.0
chr1_2306692_2307792,0.0,0.0,0.0,0.0,0.0,0.0,0.0,0.0,0.0,0.0,0.0,0.0,0.0
chr1_2718186_2719286,0.0,0.0,7.87259,0.0,0.0,9.36957,5.93573,0.0,0.0,0.0,22.4508,8.54394,0.0
chr1_228675_229775,0.0,0.0,0.0,0.0,0.0,0.0,0.0,0.0,0.0,0.0,0.0,0.0,0.0
chr1_609222_610322,0.0,0.0,0.0,0.0,0.0,0.0,0.0,0.0,0.0,0.0,0.0,0.0,0.0
chr1_2258032_2259132,0.0,0.0,0.0,5.41674,0.0,0.0,34.7574,0.0,0.0,0.0,0.0,0.0,0.0
chr1_1850612_1851712,109.089,126.51,220.157,278.392,138.065,230.81,370.911,97.3118,79.4939,112.491,116.91,479.273,50.9228
chr1_1509355_1510455,49.2826,74.7693,36.94645,119.366,62.31645,96.9849,160.303,13.72485,18.585615,27.3489,52.3777,245.644,7.224
chr1_1551075_1552175,87.0327,83.9453,136.862,184.559,74.31323,162.234,223.415,51.3078,43.3505,40.4729,77.4684,389.698,0.0
chr1_2120237_2121337,44.4173,34.0482,135.992,131.984,182.278,55.4703,251.088,23.3391,31.3027,47.6817,50.6609,300.259,62.8028
chr1_812183_813283,0.0,0.0,0.0,0.0,0.0,0.0,0.0,4.63099,0.0,0.0,4.74786,0.0,0.0
chr1_1514136_1515236,0.0,0.0,0.0,0.0,0.0,0.0,0.0,0.0,0.0,0.0,0.0,0.0,0.0
chr1_894589_895689,29.7521,37.0538,29.6849,134.88,56.3722,58.0042,45.97795,16.4887,0.0,19.1155,30.7534,153.148,5.90383
chr1_3226560_3227660,0.0,0.0,0.0,0.0,0.0,0.0,0.0,0.0,0.0,0.0,0.0,0.0,0.0
chr1_848551_849651,0.0,0.0,0.0,0.0,0.0,0.0,0.0,0.0,0.0,0.0,10.7276,0.0,6.52909
chr1_61948_63048,0.0,0.0,0.0,0.0,0.0,0.0,0.0,10.7981,0.0,0.0,0.0,0.0,0.0